6207117729 21.8913002 0.000425848916968 1.98225332 1
6334392512 0.07832786 0.000632775 0.1208451 1
6281982599 0.42934961 0.00439455 0.881845963 12
6280386417 0.965718 0.00055925 0.26379379 1
6288379882 0.417204 0.0010177 0.68843932 1
6285049081 5149.3964778 1.98711444115 220.996770483 100
6311214818 0.2451113 0.00045965 0.20285368 1
6332135047 10.21838 0.01068 1.04725 1
6350741497 42.41834593 0.012923255 9.653481488 15
6317714548 0.2315579 0.0007485 0.1806355 1
6303281917 0.05153694 0.00018405 0.091313322 1
6283864974 610.3927785 0.00764104508929 44.96672459 2
6320630374 0.1267273 0.0008325 0.1673055231 1
6297469256 2.75835265 0.00945149833333 3.183380296 15
6294095072 3.877358 0.000993 0.23490104 1
6254457366 0.9965968 0.001751 0.14712128 1
6321337076 1.3893036 0.0018053 0.6114636 1
6355045472 0.0869836 0.00060055 0.12056456 1
6272689289 2.9792068 0.00240325 0.485296374 1
6273494699 0.5843599 0.001077 0.495707231 1
6292860764 14.6480024 0.0011615 0.067530482 1
6319083661 36.3035415 0.0187009166667 11.062719542 15
6342125095 3.172604 0.00179446666667 0.323188 1
6303605890 1.15531585 0.00662505366667 1.752548826 11
6271820648 0.0246199 0.000587433333333 0.19910814 1
6319194117 0.0831849 0.0004816 0.27500776 1
6354959722 0.0649195 0.0005226 0.06557414 1
